Points_list:
[((1027118804571486158780040914031295734729800727393982651779923741026073098084248378134982592568213737915288582559959610142102903997589707022633015848758596*i + 4621200311735885334671508472643058821732581601813122360403253825836208963907064806888355383124280050671683954550426474683319318065171485164649751170926199, 2372107489543165512284746203707017566594357526766789534882467793422445112811049575651958060003000227674460663348702006170101750005637975029284136577368234*i + 2825785176698171356906217525638539858936129751290970205154191721924958445279158394061841164160932076106286056758121549918958089871333053191926600043696621), (490979195258238450534828133868738361001796333924129536941511648997495928935916157808513272013720650414313651052517303482244989961406475943030951312703212*i + 1991917962126925386514774807313621935380053603590634706438818361667346006325656055452057960727270192205087859804817244431403082098985023978014141466014887, 3118983146596071047994288601398891226795508697059161367372030870931009041908327653263381625432727446673424545595219548824536807896949582340489394863096031*i + 444720045294657045274841480535657265253909111246458177018693243229900490522273179365357607349313610622129562632916327778602124323373052669375011484542815)), ((1441970088906163268396852513744327558431591777871165195793769837000892385501489727422403614029945227464282609792953421489059768787032844704483027227826940*i + 625105375014095170962717482231895940736758928133585021945742450264796307953067556562029354392201917503954813112956374186871519668330688956395050183997103, 3001474083607991639865264051166854540187437681827477774874448923490009534679112290017358326997943741436868604849272080684383845538847099734252594184134578*i + 4239064545203856084795312712465222299918360973413448282529334872939194146664722327778430680883696400857903753562151424960286351236596944476126791630482166), (213430835633242793478707463299137483431735957269641254934191781591464558166996914570368366102913558100699653644513598186937435393708383153272722533544318*i + 4773724744299093493413408759521537434728067803137292354482638713232095952186462211032241743469884367855110656160519132200952634226922433625774849161371639, 5060808844328268648553963099511240617327243954920818678552125107614108288217875356109798429972855402980324510457867632833723945169674408861277461828657006*i + 2463117994525038718447916263143789492462247509724488213725109328748489399197993109023822658814534129110436645944438575055307554361172116775560216683715071)), ((4681361642188678448353943225592141914407952889360269860807686314043855099278461742739066900087561803773225982795412040467611738018260484990363686697111086*i + 4347252403017173214621141088098844833824678006035811807198868146668019227219134187293302543321497761156133272587318881814829736732576182578057114490966322, 4725778959280001358966942777835418598687489559358241565457810575737766734107166636264925452892457480050637619200800220910010003155970529194726454161511678*i + 1399943737645387030598808183504768880284525437824744487972956225670213645662108210856084523987247723040969226993334149993084494687568146030780216524337924), (2281799987844221453281137854125994953303775987539873174097816955523461060775743728241395142667376852236334505815475219692246561029918375415715174169264936*i + 3188331092820222965245164284352441905038643662208285460738389331935512431041481989973341460512528954556094077378393917861001777191517072043339377405800446, 4924312130852797630029184538382626946752133440309075156725354844396745455784770341024515719265309811314092976735111997688695066540323255028474577223721199*i + 1602328378812056865508795378556913666178953540916254922940859477033522349255603056526650769333846641914753565735819853932658851802068422250049840528676848)), ((4859767133999064756501978806413919743361186928833167504610165336079010087745148354792569488656260266507852606449898898413693455982029824328765793335332657*i + 971325308809361358185010008664627486424026738736043998562425972793276119373950167530239382307731604082438267109180307912036166019243104450186446163107869, 4185799588648723521210209886894579226941249425760000918292597115855792605341123629469206145443256580336233557587597381674054267885467807279057573434208554*i + 4289227616759502173066973206356958171861921872228091879848547055445696179980616407127334588591232529971073843768244823608613814886794571311859249854364435), (2119195776239764126995327317255536441424685397301301392741143805508598618920489619146169910078212525985973064244784737715735666402534358873664582395162504*i + 179729944515728861643306072517275812041341396200476906661214131822174038815539973034004114015138269038115260714776369213637597801394935917527726474883255, 4668923290537143278346455771687700696488723026545259357481216176586324918662542772864618532945823936027613118294096759146235952875326617052431821834610690*i + 1394295087043150988966442712917397350945944216016264194782081265530234480344416808292988245773555494415110890754060527610773802703092620473271354962481535)), ((1745587412944945993445898967032244367935134641093492744843260758775779290961928785523557783088474477139875024186466284564469508360672127263395850088334423*i + 1869031895760960826193128518352015692060661964038861936505003580813788978235348469702602919742981249679736105695807043225261365741635399043193044941670936, 3778296363337247344913254134845546724776160278287611832957899415572297845406550751846271999611099954928698048415446615156124427961343186971805222427678023*i + 4692048983479385515277877945346217747536872630150252909140654302112624135251802491125229574346624188237733441805563038467013328693523703372079536363808471), (2980171961959452269245390863633200032330780532486065114129771830155012487583713101552253889653557035297337025627748346526021906290865339213484182394415335*i + 5251712752344415079167165572413873494221816928786409944327175695208728007842814716396153410654078094231634261730907496340524901666674091482301012730992708, 910884718131827250379959131747195086933820354321958382212435204864190690710300419707205263482150352292218238142541931090053326820972441641514348965167555*i + 2636479261622304668873223031586802806241329813850772944400539718764425396183063489627902111253812802152175132481235108580400787049560141489473686193788411)), ((240514918385564479002979263513293580010254880972340013310264549590968010128036498884326530856953090507867069965180683826331159290310896552567877785533617*i + 2521780665998969422195008777297218097741917331415246482555949223241589855757777202718702550486593328030617201559867374980281984448309089490833874930617937, 4666591247786317655733904317765647976037509291207924255147784159460410415512896320035913433440420794794445253715392795531073086748203710694109664271726126*i + 4608449318781179976532575400300605206361418601534786682067407423376005342384936068420542102246825962543500684846610128008195746096668693437375047091668717), (2984524662665051047602206469697234132200348364892788802919208756489705529840175976572646486830243573649581028634603679063384655055159930298702008600608076*i + 3763445090330940213468356801569308385940169342882544572442771100894159059862970726592664722298470178312985954970639854473915012357341704455972021029058504, 3361202237878834696397728462205534466250688770536572847966924287604726301014321021646118299842022781529631641183306258118864667127381530812133015714376527*i + 3692215629579796055718558253921682780638780449796592696778045140666017766602323816781480660690387255347998586646810267316754921251176221285620564151695445)), ((108116183669042942323950730989330325842658677102688294221221224056158932373212199046303633989112854642145685835145378384429799929044952716157237259142139*i + 3457765418719725979493692695870458798854330793471896193443239935968140103138731851137955687256715721615469200364853031467736814750818114502816521954629999, 1154979218689657063171916672849934791146151012953744319637805195291985926910639865247147310073667382535205472144211051761375854759659120478621605764342529*i + 1041754226760609595017037268850260572639471850633959184521036446226075937678664837666571880378687734207692962890210228381966624650385035276218881785563280), (1294696229233077552203170712865447909692149267429523180032295560661716409908944027405512918353596475248301737616684825910657566606495269277891527314547983*i + 2069022746090549379819480755942972913111561326373472145575374794867173061820803062643658807636671790448790725611169886668072832885295317680123397580983289, 5261438422744574827069796530117022080126661930434943318984307376857445603011651471869936891017593781913132675043613132851179080389230463118567016896575808*i + 4994336817052888397795636727217411625529545046714634643912179659224845724698577290614183463545166533188414871226980533736638346490510699591531284608113983)), ((4318040573351520592695311727095136734322857023177830386519530706708670014186605997065097152334115994664608096147926006826556168920086447360530198943989715*i + 2272793973186998083844583175792656657692514724000016016100866610822943177470112547188606025863846306941309266191729598543105510694098874797106224229716664, 1016495841821016669522277418031041536393661239510852897546190255872715966331279616147745509594604673498215500612142245108357818118682416631978562218573337*i + 4843963137456222744169127741708588063244291183706286941999222453574279830099700200649968977489288043803525008132732157697825555558874898497279112049473772), (3476094290076556352225074320243190961100910527577188000834669248238027850207293433264757839717794184659572522003022714909479333753275022334165817789665312*i + 3255092593038343703241066538857484446089687464954180190215302458496084770254475172117430733298161213387672176023549384829942345265137474870823301267616910, 1960311449848419278154873013330129096395959135885149361563304279822798600496016749356327565819515856319953993133041051989528397525414600770216454753002014*i + 3075195068819772152709578919858862646439201377022731965164305125776247328728590348563382025036123208606234564838662731394704896936793051573288280156265543)), ((3760832818255434157190503769959056572385094841595996624487347053417159948311902339585517540679698002076718815372838723889151970847139952369305149180169998*i + 4942399334492546363826772577742878380592918220534871795527410924973923125974923127495421957167707252274225656121699152519689283006462290623327077052904268, 4908486029142461543363624569734148134036232594880770430616693665914484102575913829846819043249813753915002828080082136565220478249992214399349529356733866*i + 3482175289951574525094072183267368280177142473201743159185276810164388834962004981330688411511006043103586307394641660956686157789774728070444556761989915), (2146763850566602847833722858824534671132058927573787027751738171554720714622611916427738482867210309622342227006482705081658144128574553696742143311315429*i + 724705078620211867016412112862374183430912236405283900560964885391955579468706610025077338479798784102225434952794523170613657954613842529781612373679310, 2341489001795515495806442399816391946384628743469038818812985129448749287900494856479081093341912215154362868259179296803324172500866614282568905690935988*i + 898907260418736236042609249724136276886505098018007004299634612219302908482452629420501836594848005741727018811524858590492184667593265204689346428627263)), ((5221461662265239577402725961738990773629072436638129981120378783247742458261064599115301859818340860271194932503380930454433925650262938000627494905832744*i + 3973178353477534985509119691915247119126855297226558847866819447641895855235385586569490644256808643187439002494973161617010067896145682636703847353642889, 785609464160602302013225999391874391481960532051179910262996451156575021666469308021433962439996907638136620687930965310805466565508534449278357304013711*i + 3124877484681149567818533363893881281843807511277511612968171768192500791433883999604262909481521382402558025904634785389735036867602700500021880197885169), (842551868870990191323556376092920483468103604468058857076994848973236492918270648202849426094415901310639934048783883831975252450942613841359009706147339*i + 2825299315100542421115373720050465884554449773892367461333389590485219016138918251960435218654750727933005165924819190202978829741889938777348999452771420, 99624318205021506271020594045809779286618587482953965397213887506137188017925345851745338711898578658212250639463904568122127269105960246768670123084124*i + 2522810413356236641441690566027228560879237669004011207529633988957354333585286870403139809928905385070837507964588423036168805470152065505936196961532689)), ((1397645531195886361092728596100486889725227969155766011698457878069301715394548160752421548864482269876497900816874092032097373241919576697264610038881505*i + 109227096965705584089528215921056728537385629421157939302429845797521408201895628591839321614538640036208628957163164167985476617259113890068823414438962, 47340119016300600666436321288887578362993983437105217792355735385338495132158830089601302371336010446363956961121053712040656265083242294514805898162337*i + 4563205693726690317057805824589824329050590531067599716330707925739470506080344556823939174063276235489675911729967329528322387336578757481006385605429978), (2341792900456457886373759519364527214907255142310462814761672602590509985818403267811748404610772967705858496116454971373375044468213937036021962590895933*i + 4921089524431960961924550641227242927583422947194895809538327125151861885163367189920418822264138137095211603539194338746852274068448242476217489098985853, 3103849072588814556647351695203782219166459052877723225474528985533174912612184401302611135411172276791164925457496416023571096847019344238382178967784777*i + 203528207765017483205763615040604653579499505569789421252611216183505168481369651498199850881164255248712434039687670891311620383087550090985644476799804)), ((3798082408160145509199428112664047107668727557833608647471680752943763659293012649081934895444712174526034594752416867022424632651020866903383001432548064*i + 2515402649036239455004095279082078317849361570074217340648553055958862511066259883076963054634026065445712912996762459592645637651294676595903800882679432, 3665525435409352050535532283855647394510740617766979533332510447000882099148872578252951418694487533950514062953755198329779026126630843308582816340336806*i + 937999007025128250044555979881420677802604240124190355329497505502386181520061965656892017831868488782666823188947150656481874021770297145624704541572516), (3057094192359157970246141697978038846224846155018189309450124241274583019981258757754481223839576820986755466735438388021289441767559577221477714842159979*i + 874807070945845290866850399963982448613540452172114760064322887636223338165176259991213676562784988503304651529396243218330947956512680279720749236128864, 825414903529845307191511714666072294793052037895169646133545436767756205084276906009506185246725388416968315809728958087697289440886526383647976547708016*i + 4661115957168174152283124446333820388510212772456530963173095752245703952537952265987187307667016129155720827358532872734722795045636605139700875290654362)), ((3021939163893717939339057440178695788881320332433020750911783458793831107738432266251842624829766852925761999998245307130740872606199295189514842100777618*i + 3016989389922508515540575629801542696811105566352794707027701966964935371771575241596207754758104597147761943301970709942305135582811280631828425332369256, 4715941973051536473085636316961993225129783238701862191438958448226662638638875673559017217388116022572062416822256568842055856580057712349111823761150036*i + 1823569732794735040562029803794170109789265937232959661046899134236593719092053333330435506500056776079397360769693157249803310034884319835443354807902646), (3822840396014392031164939190871268763397018883938784370495372432249237857337696710254916739002389650278344479124780015466000375562390187514376676764391954*i + 65328740454401810387157848582071885794967430361840683796485561553027349398040026130175689731706073520287240348945828578127516437291324267073590316711915, 2655939933004077519592667024255571772894431437144019248627367863646599626842460017464836544762718595487078246916331724042127930758512525259856220933738007*i + 4353883974469090137426794137816203971236748486796961980319794048928984753608725192622350857755020123565763684698296353190139103854068792106255955990309321)), ((2472920816170521668054025265030551019988115806995965564349729649598083957360856366824956653274252408685296640856338951898265115976563370107897374494745151*i + 1978452432561268857028479299608492464127151240946242216346442277797843447168488507619872986604447640380737552960638374374123550884146625892002775690770955, 233596532218954505681700802755763654942963876233388890716272589404167551992883939493471318028151394626820483346257633378369570392343019415914759663417581*i + 3288361634180797019509386366918344627787488953633522296689516367715448031555129959215404680945977110642477655699338012325094957597531168848007661442770535), (1188567596232738931580787602717932845972931318745558862494782827354750412860820851949899359650450164862643538666781480176113810661873889611120470513309913*i + 1146064472198825465871796259904462575742718225196968851450474495587016750013613652515377736606977877123747418260937733196167748290067904879164889307350427, 4033637782889764164452542453661305593578321091256218886308218047037612196174113065724827124473351499549485619561072009100741286351187819521534042791055588*i + 2889182186294475157193249229278324400522906837666306357389047470304598612143088385357030267426087382877419517860439044363335741332438732920146076746475771)), ((3582518352698362047013886392028938422761270534069075820008869445012861784339960322126062425529997534529391284715123716218430672074856344500052630188599534*i + 1468413981874644274806115710708339103625062755424028478256894426110473861655628133745406358611019111294461809980939648422380882231985590863446083927572733, 2459539109290877381883333676413602434547191037721201025146825991551614234701979827031601335281891140214498858044722172790314910051918007807948924411096752*i + 1362430190485468120570900302970522943326125955100691064111095779087986717182282508178340813626275975737814181782945431785757180404434136808026221028825029), (290919813183952383900675864356544205351997932772147990097897968630228061628930630038611988492986048754442512137699710298566612734005921111531252331088560*i + 2438226041361254468345114847443824737914467906004202031784559155204596635611140951174203996038950407502986131592928710344951075303157804394982835639247267, 2326219545864131588870548867801986165827923788336246916363329431988883237412689294447679051589577913417011089934447734614469473938118848161696334502475328*i + 3586208189912952539599349804415253281717023219763398035722773695869636902233496635139343990304965908661775915241233101143317566849264888495754319544846781)), ((5144152094568328714121241133998354315850365194247718474727797876642979335101434448509525075838354925170984309814030553317609926470228535817927930257965862*i + 4946631586768699844321984650872922201548953655132704525289943642904257194422706748977617494431454292501312137927228963160944472903424727709991320414891299, 4698404707969557830224348676707892547599368349790984231487812463388102700738800046334284500223199118376953344938574370121894607668141644688306053220177827*i + 2665340516882708558697994545316826593474208651066932148527731041036491046715741825206232356594143212322114218818298140055332266372525640862550059653458265), (3588781873494128106286633360730231189529678294018228565715906294345816275135943020373751257934157406668372778293333987654934334058908520733905716710838567*i + 394913010842164302817311372064729627719390386429091493440653722368399957140079494139832517290824670358696996866092807680019947472929541962787773947632504, 4933674429480991807264144737795387786423205690034470414271222304773448227568247769598623233966939759476341270339469269556883742207360963516202019719822225*i + 1736898638363964275467344632967868616991635718135099758599669458762499903572949387642009697095416812890995144006415039556676022695061633133650727649916355))]
Params:
{'n': 74, 'S': 16}
Random message (hex):
03b920ba06d17ce32e8faeb3221b709f04d8750df60a1f0f9aacf65c00c974ef
Signature:
{'c': [1, 10, 1, 4, 1, 9, 10, 14, 15, 10, 15, 10, 14, 8, 14, 5, 9, 12, 5, 13, 9, 13, 5], 'r': [[-7, 11, -8, 5, 7, 7, -1, -2, -5, 2, 0, -1, -4, -10, 1, 10, -2, -2, -10, 4, 3, 10, -4, -4, 4, -3, -1, 0, 13, -10, 8, -7, 5, 6, 0, 1, -11, 7, 0, -17, -9, 6, -1, 1, 0, 2, 0, 0, 4, 0, 0, -5, -4, 7, -7, 10, -7, -3, -4, -9, 1, -3, 3, -2, 4, 1, 1, -7, 1, 9, 10, 3, -4, 2], [3, 7, 0, -4, -13, -9, -2, 5, -1, 7, 4, -3, 2, 3, -5, -9, 1, -6, 1, 11, 8, -2, -13, -4, -4, 1, -11, -10, 2, -5, -3, -1, -3, -3, 4, 2, 0, -1, 17, 1, 13, -2, 11, 1, -2, 8, -7, -3, -10, 1, 14, 2, -8, -1, -7, -16, 1, -4, -5, -1, -1, 9, -5, 1, -4, -7, -9, 8, -10, 6, -1, 3, 1, 13], [-1, 2, -12, 8, -10, 5, 5, 1, -5, -8, 0, -4, 1, -8, 4, 1, 1, 2, -14, -11, -8, 8, 7, 0, 5, 0, 4, -4, -5, -3, -2, -3, 9, 6, -2, -3, -8, 15, -11, -11, -3, -2, -6, -5, 4, -11, 4, 4, -1, 7, -6, 2, -4, 2, -4, 6, -13, 0, -1, 4, -9, 7, 0, -1, -4, 8, -1, -11, -1, 7, 9, 0, -9, 3], [-6, 9, -3, 3, -3, -1, -2, -5, -4, 7, -4, 2, 6, -3, -3, 1, 8, 1, -13, 4, -12, 1, -6, 7, 2, 3, 1, -5, -1, -11, 8, 7, 6, 0, -5, 3, -14, 3, 9, -8, -1, 5, 12, 1, -4, 7, -7, 5, 2, -4, -3, 6, 1, 5, -7, 7, -3, -3, 3, 2, -10, 4, 2, 6, 5, 0, -2, -8, -5, 4, 5, -1, -4, 2], [-6, 1, 0, -3, 0, 2, -6, -4, 0, 5, 9, -6, 1, -1, -5, 12, -5, 7, -11, -1, -3, 7, 2, 9, 5, 1, -1, 5, 11, -7, 8, -7, -1, 5, -1, -3, -10, 4, -5, -5, -1, 0, 5, 8, -1, -2, -5, -9, 0, -4, -1, -8, 3, -4, -11, 8, -10, 8, -7, -1, -2, -3, 1, -5, -1, 2, -5, -3, 7, 9, 12, -2, -16, 1], [-6, 4, -2, -9, -7, -5, -1, 5, -4, -1, -1, -4, -3, 2, -9, 1, -2, -1, 0, 9, 8, -3, -13, 0, -8, 2, -10, -11, -12, -14, 5, 9, -4, 4, 9, 10, 7, -2, 0, -3, 5, -4, 6, 2, 0, 13, -5, -8, -5, 6, -7, 4, -6, -6, 5, -5, 8, -4, 0, 4, 9, -1, -9, 6, -8, -1, -8, -1, -12, -13, -5, 5, 7, 6], [7, -4, 0, -13, -3, -10, 1, -5, 3, 9, -12, -12, 8, 5, -3, -5, -5, -13, -10, 5, 16, -3, 0, 0, -3, 6, -5, -10, -6, -1, 3, 7, -6, -3, 15, 8, -1, -4, 5, 6, -1, -13, 15, 0, -13, 8, -4, -12, -7, 0, 10, 7, 1, 0, -2, -8, -1, -11, 0, -6, 4, 8, -10, 2, -5, -10, -17, 11, -10, -11, 0, -4, 6, 7], [9, -7, 19, -10, -14, -12, -4, -2, 2, 14, -11, -7, 9, 17, -4, -7, -10, -6, 3, 9, 13, -5, -13, -5, -4, 11, -7, -4, -2, -5, 2, 19, -11, 5, 9, 3, 3, -12, 11, 7, 2, -8, 6, 14, -12, 16, -2, -7, -12, -2, 17, 7, -7, -5, 2, -19, 8, 0, 19, 0, 11, 12, -21, 9, -11, -5, -15, 7, -5, -7, -12, 1, 4, 17], [9, -1, 12, -11, -8, -10, -4, -3, 4, 21, -10, -14, 4, 2, -12, -11, -6, -14, -5, 17, 11, -10, -9, -8, 1, 14, -18, -1, -3, -11, 2, 16, -12, -7, 20, 18, 7, -2, 12, -1, 8, -6, 16, 21, -14, 21, -13, -16, -15, -7, 7, 14, -11, -16, 8, -7, 16, -11, 6, 8, 19, 7, -16, 10, -12, -20, -15, 18, -17, -4, -4, 8, 11, 7], [0, 0, 6, -9, -4, -7, 4, 1, -4, 2, -4, -4, 11, 6, -12, -2, 7, -4, -8, 13, 10, -11, -9, -9, 1, 15, -7, 0, -17, -15, -2, 7, -4, -7, 3, -3, 4, -5, 5, 2, 15, -12, 8, 12, -7, 9, 0, -15, 0, -4, 4, 11, -11, -11, 10, -13, 5, -3, 7, -3, 7, 19, -11, 7, -18, 4, -3, -2, -9, -4, -6, -4, 0, 2], [7, 8, 12, -7, -14, -13, 0, 2, 7, 11, -15, -17, 17, 10, -7, -13, 2, -6, 1, 7, 7, -4, -5, -11, 5, 13, -15, -12, -9, -13, 9, 12, -12, -7, 10, 10, 11, -6, 18, -4, 12, -15, 18, 9, -8, 9, -8, -22, -19, -2, 10, 4, -14, -11, 5, -15, 1, -10, 8, -7, 12, 9, -9, 12, -24, -13, -8, 8, -15, -4, 1, -6, 13, 10], [5, 1, 1, -2, -5, -6, 7, 2, -3, 9, -5, -12, 8, 5, -1, -16, -3, 0, 3, 11, 2, -13, -3, -10, -3, 10, -6, -11, -13, -12, -6, 8, 0, 0, 0, 20, 0, -7, -3, 7, 8, -11, 6, 14, -5, 2, -12, -9, 2, -2, 5, 7, -11, -2, 6, -9, -1, -3, 1, 2, 13, 12, -9, 1, -9, -3, -5, 2, -6, -4, -9, 5, -5, 4], [10, -7, 7, -5, -10, -8, 9, -3, 8, -1, -3, -9, 14, -1, -6, -15, -4, -3, 11, 15, 11, -17, -17, -5, 9, 12, -16, -10, -12, -15, -9, 9, -10, -13, 7, 22, -2, -10, 9, 4, 16, -3, 15, 11, -11, 9, -19, -7, -7, -2, 14, 17, -14, -12, 15, -11, 10, -11, 2, 3, 12, 9, -8, 16, -12, -6, -18, 17, -10, -6, -3, -5, 14, 10], [11, 9, 9, -5, -8, -6, 0, 4, 7, -1, -2, 1, 10, 0, -8, 1, 0, -11, 7, 2, 7, 3, -3, -1, 2, 1, -2, -18, -2, -11, 1, 4, 1, -6, 4, 4, 5, 5, 15, 7, -2, 0, 8, 6, -14, 6, 1, 0, -7, 6, 4, -2, -4, 2, -4, -3, 6, -15, -2, 11, 1, 13, -7, 2, -8, -8, 1, 4, -13, -6, 0, 0, 14, 11], [8, -5, 7, -9, -14, -5, -1, 4, 8, 6, -14, -4, 13, 11, -13, -14, -4, -12, 2, 17, 11, -18, -22, -7, -3, 6, -10, -18, -4, -19, 9, 15, 1, -4, 6, 6, 11, -5, 19, 7, 11, -3, 10, 14, -14, 0, -8, -16, -16, -6, 18, 19, -19, -15, -1, -2, 12, -7, 1, -6, 15, 7, -18, 13, -22, -7, -10, 2, -8, -10, -8, -4, 14, 13], [2, 4, -4, -1, -2, -7, -2, 7, -2, -5, 10, 0, 0, -2, 5, 0, 5, 8, -7, 3, 4, 0, -3, -7, -5, 2, 0, -1, -1, -12, 7, -3, 2, 12, -1, 3, -3, 12, -1, 2, -2, -6, 1, 0, 7, 12, 1, 1, 0, -2, 5, -5, 12, 6, -14, 0, -5, 3, 0, -3, 6, 4, 4, 2, -9, -4, -6, 5, -6, -6, 4, 1, 3, 0], [9, -5, 9, -6, -7, -1, -2, 6, 1, 6, 6, -7, 9, -2, 0, -4, 4, -15, -9, -3, 6, -7, -5, -7, 3, 2, 3, -10, -7, -17, 6, 13, 0, -1, 3, 6, -2, 1, 3, 11, 4, -3, 14, 5, -5, -1, -3, 2, -3, -8, 6, 7, -13, -6, 0, 1, -1, -13, 5, -5, -2, 15, -6, 9, -7, -6, -8, 5, -13, -1, -1, -4, 0, 2], [12, -1, 2, -15, -12, -17, 3, 1, -1, 10, -10, -9, 1, -2, -15, -5, -10, -5, 7, 7, 14, -6, -8, -9, 4, 3, -7, -9, -2, -7, -1, 6, 0, -3, 7, 10, 7, -4, 8, 4, 15, -15, 15, 9, -12, 8, -9, -3, -15, 2, 9, 11, -13, -17, 2, -11, 6, -1, 4, 2, 12, 10, -10, 8, -11, -1, -12, 10, -9, -5, -4, 0, 5, 5], [-1, 3, -1, -5, -10, 2, -2, -1, -10, 0, -1, -5, 4, -2, -4, 2, 0, -5, -7, -6, -7, -2, -7, 4, -7, 1, -6, -4, 3, 11, -1, 4, -2, 8, 1, 1, -1, 6, 1, -12, 0, 4, 0, 2, -1, -5, -3, -2, -4, -3, -2, 1, 2, 5, -2, 2, -2, 11, -6, 5, 1, 2, 10, -6, -7, 7, 6, -13, -8, -4, 8, 9, -14, 10], [15, -11, 13, -12, -8, -7, -9, -6, 0, 7, -12, -8, 12, 8, -5, -10, -1, -15, -6, 8, 17, -7, -6, 0, 0, 6, -9, -17, -2, -15, 4, 14, 1, -10, 11, 10, 16, -8, 8, 5, 11, -10, 14, 5, -14, 10, -5, -5, -13, 1, 14, 5, -15, -11, 5, -9, -3, 0, 16, 1, 11, 9, -4, 8, -12, -4, -2, 1, -21, -13, -4, 3, -3, 17], [10, -5, -3, -7, -6, -6, 7, 0, -1, 2, -6, -8, 6, 9, -10, -15, 2, 0, -1, 6, 2, -9, 1, -5, -6, 7, -2, -9, -7, 0, -3, 11, -9, 3, 11, 2, 8, -1, 8, 3, 10, -4, -2, 7, -6, 2, -4, -7, -4, 1, -2, 7, -9, -2, 5, -8, 7, -1, 3, 3, 9, 7, -3, 12, -11, 1, -7, 2, -9, -2, 1, -7, 2, 9], [8, -1, 9, -8, -7, -12, 6, -2, 7, 14, -7, -11, 8, 14, -6, -11, -4, -10, 0, 10, 8, -1, -11, -3, 4, 16, -10, -19, -12, -12, 6, 11, -2, -3, 17, 1, 10, -7, 6, 4, 6, -8, 6, 12, 1, 8, -14, -3, -12, 0, 2, 7, -13, -11, 3, -4, 5, -10, 6, 2, 0, 5, -4, 5, -21, -11, -5, 4, -26, -5, -1, 3, 9, 11], [6, 15, 2, 4, -1, -1, 3, -5, 9, -5, 6, 3, -1, 0, 0, 0, 9, 13, -9, -3, 5, 2, -14, -1, 2, 1, -7, -5, -8, -2, -5, 0, -2, -4, 7, 10, -4, -4, 0, 2, -6, 0, 5, 9, -4, 0, -2, 6, -2, 1, 5, 6, 3, 5, 7, -11, 2, -2, -6, -7, -4, 10, -3, 2, -1, -3, -2, 6, -1, 7, 2, 1, -4, -2]]}
Hex result:
b646481492a21bd7ff97e7aac8a646cc011be872ba4f05ebc3ce1973615c7c5a3e8c92e3ec249ac160b5a862b91e6e3cabdca3b28a89d30f26c2037c69a3c343bc26a7a76034f16ce2be268cda60f9b9dd5efb0438f942a50e3bb5fb9870f9f8
